4 6 0 1 0 0 1      ! key,keyEL,keySUB,keyLS,key_org,key_fx,key_RD1   ! general                      
0.4404  1.486500 0.002913 0.6480963E-03 0.3388174E+02 0.34 0.34
 1 3 2     ! key_SD, ID, NMD-number of SD mode                                                       
0.009000 0.647000 0.174000 0.073000 0.602000 1.858000
22                           ! KN                                                                   
 5.00000E-2     3.636746667E-3                                                                      
 6.56037E-2     1.27650341E-2                                                                       
 8.60768E-2     2.825477906E-2                                                                      
 0.112939       3.943919018E-2                                                                      
 0.148184       3.472143412E-2                                                                      
 0.194429       1.932093687E-2                                                                      
 0.255105       7.050227374E-3                                                                      
 0.334716       2.947342116E-3                                                                      
 0.439172       5.879985634E-3                                                                      
 0.576226       1.799305901E-2                                                                      
 0.756052       4.640357196E-2                                                                      
 0.991995       9.759383649E-2                                                                      
 1.30157        0.167227194                                                                         
 1.70776        0.233451143                                                                         
 2.24070        0.265515089                                                                         
 2.93996        0.246029273                                                                         
 3.85745        0.185732767                                                                         
 5.06126        0.114233799                                                                         
 6.64074        5.724075064E-2                                                                      
 8.71314        2.336790785E-2                                                                      
 11.4323        7.772107143E-3                                                                      
 15.0           2.106020227E-3                                                                      
/home/hjethva/DLS2.1/KERNEL_n22k16_181                                                              
/home/hjethva/DLS2.1/KERNEL_fix                                                                     
/home/hjethva/DLS2.1/KERNEL_new                                                                     
21                  ! KR    from Oleg's paper (sum=1.)                                              
0.4019  0.0344414                                                                                   
0.4403  0.0365618                                                                                   
0.4823  0.0389464                                                                                   
0.5283  0.0416091                                                                                   
0.5787  0.0445430                                                                                   
0.6339  0.0477057                                                                                   
0.6944  0.0510056                                                                                   
0.7607  0.0542747                                                                                   
0.8333  0.0572537                                                                                   
0.9129  0.0596070                                                                                   
1       0.0609579                                                                                   
1.0954  0.0610000                                                                                   
1.2     0.0596000                                                                                   
1.3145  0.0568799                                                                                   
1.44    0.0531880                                                                                   
1.5774  0.0490006                                                                                   
1.728   0.0447783                                                                                   
1.8929  0.0408951                                                                                   
2.0736  0.0376011                                                                                   
2.2715  0.0350568                                                                                   
2.48832 0.0333685                                                                                   
181                       ! KM                                                                      
0.                        ! ANGLE(KM)                                                               
1.                                                                                                  
2.                                                                                                  
3.                                                                                                  
4.                                                                                                  
5.                                                                                                  
6.                                                                                                  
7.                                                                                                  
8.                                                                                                  
9.                                                                                                  
10.                                                                                                 
11.                                                                                                 
12.                                                                                                 
13.                                                                                                 
14.                                                                                                 
15.                                                                                                 
16.                                                                                                 
17.                                                                                                 
18.                                                                                                 
19.                                                                                                 
20.                                                                                                 
21.                                                                                                 
22.                                                                                                 
23.                                                                                                 
24.                                                                                                 
25.                                                                                                 
26.                                                                                                 
27.                                                                                                 
28.                                                                                                 
29.                                                                                                 
30.                                                                                                 
31.                                                                                                 
32.                                                                                                 
33.                                                                                                 
34.                                                                                                 
35.                                                                                                 
36.                                                                                                 
37.                                                                                                 
38.                                                                                                 
39.                                                                                                 
40.                                                                                                 
41.                                                                                                 
42.                                                                                                 
43.                                                                                                 
44.                                                                                                 
45.                                                                                                 
46.                                                                                                 
47.                                                                                                 
48.                                                                                                 
49.                                                                                                 
50.                                                                                                 
51.                                                                                                 
52.                                                                                                 
53.                                                                                                 
54.                                                                                                 
55.                                                                                                 
56.                                                                                                 
57.                                                                                                 
58.                                                                                                 
59.                                                                                                 
60.                                                                                                 
61.                                                                                                 
62.                                                                                                 
63.                                                                                                 
64.                                                                                                 
65.                                                                                                 
66.                                                                                                 
67.                                                                                                 
68.                                                                                                 
69.                                                                                                 
70.                                                                                                 
71.                                                                                                 
72.                                                                                                 
73.                                                                                                 
74.                                                                                                 
75.                                                                                                 
76.                                                                                                 
77.                                                                                                 
78.                                                                                                 
79.                                                                                                 
80.                                                                                                 
81.                                                                                                 
82.                                                                                                 
83.                                                                                                 
84.                                                                                                 
85.                                                                                                 
86.                                                                                                 
87.                                                                                                 
88.                                                                                                 
89.                                                                                                 
90.                                                                                                 
91.                                                                                                 
92.                                                                                                 
93.                                                                                                 
94.                                                                                                 
95.                                                                                                 
96.                                                                                                 
97.                                                                                                 
98.                                                                                                 
99.                                                                                                 
100.                                                                                                
101.                                                                                                
102.                                                                                                
103.                                                                                                
104.                                                                                                
105.                                                                                                
106.                                                                                                
107.                                                                                                
108.                                                                                                
109.                                                                                                
110.                                                                                                
111.                                                                                                
112.                                                                                                
113.                                                                                                
114.                                                                                                
115.                                                                                                
116.                                                                                                
117.                                                                                                
118.                                                                                                
119.                                                                                                
120.                                                                                                
121.                                                                                                
122.                                                                                                
123.                                                                                                
124.                                                                                                
125.                                                                                                
126.                                                                                                
127.                                                                                                
128.                                                                                                
129.                                                                                                
130.                                                                                                
131.                                                                                                
132.                                                                                                
133.                                                                                                
134.                                                                                                
135.                                                                                                
136.                                                                                                
137.                                                                                                
138.                                                                                                
139.                                                                                                
140.                                                                                                
141.                                                                                                
142.                                                                                                
143.                                                                                                
144.                                                                                                
145.                                                                                                
146.                                                                                                
147.                                                                                                
148.                                                                                                
149.                                                                                                
150.                                                                                                
151.                                                                                                
152.                                                                                                
153.                                                                                                
154.                                                                                                
155.                                                                                                
156.                                                                                                
157.                                                                                                
158.                                                                                                
159.                                                                                                
160.                                                                                                
161.                                                                                                
162.                                                                                                
163.                                                                                                
164.                                                                                                
165.                                                                                                
166.                                                                                                
167.                                                                                                
168.                                                                                                
169.                                                                                                
170.                                                                                                
171.                                                                                                
172.                                                                                                
173.                                                                                                
174.                                                                                                
175.                                                                                                
176.                                                                                                
177.                                                                                                
178.                                                                                                
179.                                                                                                
180.                                                                                                
21                            ! NRATN                                                               
Rkernel1_040                                                                                        
Rkernel1_044                                                                                        
Rkernel1_048                                                                                        
Rkernel1_053                                                                                        
Rkernel1_058                                                                                        
Rkernel1_063                                                                                        
Rkernel1_069                                                                                        
Rkernel1_076                                                                                        
Rkernel1_083                                                                                        
Rkernel1_091                                                                                        
Rkernel1_100                                                                                        
Rkernel1_109                                                                                        
Rkernel1_120                                                                                        
Rkernel1_131                                                                                        
Rkernel1_144                                                                                        
Rkernel1_158                                                                                        
Rkernel1_173                                                                                        
Rkernel1_189                                                                                        
Rkernel1_207                                                                                        
Rkernel1_227                                                                                        
Rkernel1_249                                                                                        
                                                                                                    
*****************                                                                                   
Solar-Vil.                                                                                          
rv        0.12	      2.32                                                                           
sigm      0.4         0.6                                                                           
rn        7.43E-02    7.88E-01                                                                      
Cn        1.          1.                                                                            
Cv        3.52E-03    1.03E+01                                                                      
*****************                                                                                   
                                                                                                    
*****************                                                                                   
KERNEL_n22k16_181                                                                                   
KERNEL_n22k16_181_sph_nsph                                                                          
KERNEL_n35k15_181                                                                                   
/Volumes/Users/lapionak/MyCodes/OPTCHAR_DLS/DLS_LS_nv/DLS_LAST/DLS2/KERNELr_n35k15_181              
2                            ! NRATN                                                                
Rkernel1_100                                                                                        
Rkernel1_299                                                                                        
*****************                                                                                   
                                                                                                    
83                                                                                                  
  0.00                                                                                              
  1.71                                                                                              
  3.93                                                                                              
  6.16                                                                                              
  8.39                                                                                              
 10.63                                                                                              
 12.86                                                                                              
 15.10                                                                                              
 17.33                                                                                              
 19.57                                                                                              
 21.80                                                                                              
 24.04                                                                                              
 26.28                                                                                              
 28.51                                                                                              
 30.75                                                                                              
 32.98                                                                                              
 35.22                                                                                              
 37.45                                                                                              
 39.69                                                                                              
 41.93                                                                                              
 44.16                                                                                              
 46.40                                                                                              
 48.63                                                                                              
 50.87                                                                                              
 53.11                                                                                              
 55.34                                                                                              
 57.58                                                                                              
 59.81                                                                                              
 62.05                                                                                              
 64.29                                                                                              
 66.52                                                                                              
 68.76                                                                                              
 70.99                                                                                              
 73.23                                                                                              
 75.47                                                                                              
 77.70                                                                                              
 79.94                                                                                              
 82.17                                                                                              
 84.41                                                                                              
 86.65                                                                                              
 88.88                                                                                              
 90.00                                                                                              
 91.12                                                                                              
 93.35                                                                                              
 95.59                                                                                              
 97.83                                                                                              
100.06                                                                                              
102.30                                                                                              
104.53                                                                                              
106.77                                                                                              
109.01                                                                                              
111.24                                                                                              
113.48                                                                                              
115.71                                                                                              
117.95                                                                                              
120.19                                                                                              
122.42                                                                                              
124.66                                                                                              
126.89                                                                                              
129.13                                                                                              
131.37                                                                                              
133.60                                                                                              
135.84                                                                                              
138.07                                                                                              
140.31                                                                                              
142.55                                                                                              
144.78                                                                                              
147.02                                                                                              
149.25                                                                                              
151.49                                                                                              
153.72                                                                                              
155.96                                                                                              
158.20                                                                                              
160.43                                                                                              
162.67                                                                                              
164.90                                                                                              
167.14                                                                                              
169.37                                                                                              
171.61                                                                                              
173.84                                                                                              
176.07                                                                                              
178.29                                                                                              
180.00                                                                                              
                                                                                                    
35                                                                                                  
  0.00                                                                                              
  2.60                                                                                              
  3.46                                                                                              
  5.20                                                                                              
  6.93                                                                                              
  8.66                                                                                              
 10.39                                                                                              
 12.12                                                                                              
 15.57                                                                                              
 17.30                                                                                              
 21.61                                                                                              
 25.90                                                                                              
 30.19                                                                                              
 42.94                                                                                              
 59.57                                                                                              
 67.65                                                                                              
 75.52                                                                                              
 83.12                                                                                              
 97.18                                                                                              
108.94                                                                                              
117.05                                                                                              
120.00                                                                                              
125.00                                                                                              
130.00                                                                                              
135.00                                                                                              
140.00                                                                                              
147.50                                                                                              
154.30                                                                                              
165.00                                                                                              
167.70                                                                                              
170.00                                                                                              
172.50                                                                                              
175.00                                                                                              
177.50                                                                                              
180.00                                                                                              
                                                                                                    
                                                                                                    
*****************                                                                                   
                                                                                                    
! **************************************************************** c                                
! **   02/28/03                                                 ** c                                
! **   Program calculates optical characteristics for given     ** c                                
! **   size distribution, refractive index, axis ratio          ** c                                
! **   distribution and wavelength                              ** c                                
! **************************************************************** c                                
! **                                                            ** c                                
! ** INPUT:                                                     ** c                                
! **                                                            ** c                                
! **   key  = 1 - create fixed kernels (for fixed axis          ** c                                
! **              ratio distr.) and save them                   ** c                                
! **              into 'Rke...fix...' files and calculate       ** c                                
! **              opt.characteristics                           ** c                                
! **          2 - read fixed kernels from 'Rke...fix...'  files ** c                                
! **          3 - create fixed kernels but don't save them      ** c                                
! **          4 - don't create fixed kernels, calculate         ** c                                
! **              opt.characteristics from original kernels     ** c                                
! **   key_RD =1 - volume mixture of spheroids                  ** c                                
! **           2 - surface area  mixture of spheroids           ** c                                
! **                                                            ** c                                
! **   keyEL=  1 - calculate F11                                ** c                                
! **           2 - F11,F12                                      ** c                                
! **           3 - F11,F12,F22                                  ** c                                
! **           4 - F11,F12,F22,F33                              ** c                                
! **           5 - F11,F12,F22,F33,F34                          ** c                                
! **           6 - F11,F12,F22,F33,F34,F44                      ** c                                
! **   keySUB= OPTCHAR will be used as a subroutine for         ** c                                
! **           inversion code                                   ** c                                
! **   keyLS = 1 Linear interpolation of F11...F44 for size     ** c                                
! **             parameter                                      ** c                                
! **   keyLS = 2 Spline interpolation                           ** c                                
! **                                                            ** c                                
! **   key_org=0 - read original kernels simultaniously make    ** c                                
! **               angle interpolation and calculate opt.char.  ** c                                
! **           1 -  -"-, save new kernels in                    ** c                                
! **                /distname_N/ directory, STOP                ** c                                
! **   key_fx works when key=1                                  ** c                                
! **        =0 -  create fixed kernels (for fixed axis          ** c                                
! **              ratio distr.) and save them                   ** c                                
! **              into 'Rke...fix...' files and calculate       ** c                                
! **              opt.characteristics                           ** c                                
! **         1 - save fixed kernels with original kernel format ** c                                
! **             in order to be used as input kernels;          ** c                                
! **             'Rke...fix' kernels have to be renamed and moved* c                                
! **             into directory 'dir_name'(see 'matrix_fixget.f')* c                                
! **             The files can not be used if key=2.            ** c                                
! **   key_RD1 =1 - grid axis ratios R are flexible             ** c                                
! **            2 - grid axis ratios are exact as in            ** c                                
! **                precalculated kerlels                       ** c                                
! **                                                            ** c                                
! **   WL   - wavelength                                        ** c                                
! **   RN   - real part of the refractive index                 ** c                                
! **   RK   - imaginary part of the refractive index            ** c                                
! **   rgmin,rgmax &                                            ** c                                
! **   wlmin,wlmax - min,max radii and wlmin,wlmax wavelengths  ** c                                
! **                 that are used to recalculate grid radii for** c                                
! **                 fixed kernels. New input file              ** c                                
! **                'grid1.dat.new' will be created if key=1    ** c                                
! **                 or key_org=1. Use key_grid1 to choose      ** c                                
! **                 'grid1.dat' or 'grid1.dat.new' will be read** c                                
! **                 for further calculations                   ** c                                
! **   key_SD=0 - read Size Distribution table dV/dlnR          ** c                                
! **         =1 - calculate Size Distribution for grid radii    ** c                                
! **              using Log Normal function                     ** c                                
! **   ID    - dimension of d(...)/dlnR or d(...)/dR            ** c                                
! **       = 0 - number                                         ** c                                
! **       = 1 - radius                                         ** c                                
! **       = 2 - cross section area                             ** c                                
! **       = 3 - volume                                         ** c                                
! **   NMD   - number of modes (up to 2)                        ** c                                
! **   KN   - number of grid radii                              ** c                                
! **   grid(KN) - grid radii                                    ** c                                
! **   SD(KN)   - size distribution for grid radii              ** c                                
! **   (CM(i),SM(i),RMM(i),i=1,NMD) - size distribution         ** c                                
! **   function (LogNormal) parameters:                         ** c                                
! **                         CM - concentration                 ** c                                
! **                         SM - standard deviation            ** c                                
! **                         RMM - median radius                ** c                                
! **   distname_O - original kernel directory name              ** c                                
! **   distname_F - .fix kernel directory name                  ** c                                
! **   distname_N - new original kernel directory               ** c                                
! **                                      name (key_org=1)      ** c                                
! **   KR  - number of axis ratios                              ** c                                
! **   R(KR)  - grid axis ratios                                ** c                                
! **   RD(KR) - axis ratio distribution for grid axis ratios    ** c                                
! **   KM   - number of scattering angles                       ** c                                
! **   ANGLE(KM) - scattering angles                            ** c                                
! **                                                            ** c                                
! ** OUTPUT:                                                    ** c                                
! **                                                            ** c                                
! **   ext     - extinction                                     ** c                                
! **   albedo  - albedo                                         ** c                                
! **   f... - scattering matrix elements                        ** c                                
! **************************************************************** c                                
18                  ! KR    from Oleg's paper (sum=1.)                                              
0.3349  0.066185                                                                                    
